 enter <xa>: 1
 enter <xb>: 1.5
 enter <eps>: 1.e-10
 x1 =    1.2985151504198709        f(x1) =  -0.30521493696654467     
 x1 =    1.2671179303585574       f(x1)=    2.0152269329261951E-002
 x1 =    1.2693343848507772       f(x1)=   -2.1638832982473488E-003
 x1 =    1.2690975210509530       f(x1)=    2.2562308464912917E-004
 x1 =    1.2691222308641008       f(x1)=   -2.3599828862241878E-005
 x1 =    1.2691196463927725       f(x1)=    2.4676911551946290E-006

 results:
 xk =    1.2691196463927725     
 f(xk) =    2.4676911551946290E-006
 i =            6
