 enter <xa>: 1
 enter <xb>: 1.5
 enter <eps>: 1.e-10
  x2=    1.3114032320659124       f(x2) =  -0.44464987779933951     
 x2 =    1.2775232459468469       f(x2) =   -8.5464071168760647E-002
 x2 =    1.2694618986123336       f(x2) =   -3.4507181871967774E-003
 x2 =    1.2691227167980410       f(x2) =   -2.8501075390430231E-005
 x2 =    1.2691198920075195       f(x2) =   -9.6249883618781951E-009
 x2 =    1.2691198910532482       f(x2) =   -2.7533531010703882E-014

 results:
 xk =    1.2691198910532482     
 f(xk) =   -2.7533531010703882E-014
 i =            6
